№ Дата Сумма платежа Платеж по основному долгу Платеж по процентам Остаток долга
1 07.10.2020
25 115,16 3 279,09 21 836,07 3 696 720,91
12.10.2020
500 000,00 i 496 363,88 3 636,12 3 200 357,03
2 07.11.2020
21 740,78 5 371,74 16 369,04 3 194 985,29
07.11.2020
10 000,00 i 10 000,00 0,00 3 184 985,29
3 07.12.2020
21 740,78 2 944,15 18 796,63 3 182 041,14
07.12.2020
6 500,00 i 6 500,00 0,00 3 175 541,14
4 07.01.2021
21 740,78 2 363,20 19 377,58 3 173 177,94
07.01.2021
60 000,00 i 60 000,00 0,00 3 113 177,94
5 07.02.2021
21 322,32 2 285,02 19 037,30 3 110 892,92
07.02.2021
10 000,00 i 10 000,00 0,00 3 100 892,92
6 07.03.2021
21 322,32 4 195,20 17 127,12 3 096 697,72
7 07.04.2021
21 322,32 2 385,80 18 936,52 3 094 311,92
07.04.2021
130 000,00 i 130 000,00 0,00 2 964 311,92
16.04.2021 Вы здесь
8 07.05.2021
20 408,27 2 866,04 17 542,23 2 961 445,88
9 07.06.2021
20 408,27 2 298,83 18 109,44 2 959 147,05
07.06.2021
100 000,00 i 100 000,00 0,00 2 859 147,05
10 07.07.2021
19 719,24 2 799,36 16 919,88 2 856 347,69
11 07.08.2021
19 719,24 2 252,48 17 466,76 2 854 095,21
12 07.09.2021
19 719,24 2 266,25 17 452,99 2 851 828,96
13 07.10.2021
19 719,24 2 842,66 16 876,58 2 848 986,30
14 07.11.2021
19 719,24 2 297,49 17 421,75 2 846 688,81
15 07.12.2021
19 719,24 2 873,08 16 846,16 2 843 815,73
16 07.01.2022
19 719,24 2 329,11 17 390,13 2 841 486,62
17 07.02.2022
19 719,24 2 343,35 17 375,89 2 839 143,27
18 07.03.2022
19 719,24 4 037,83 15 681,41 2 835 105,44
19 07.04.2022
19 719,24 2 382,38 17 336,86 2 832 723,06
20 07.05.2022
19 719,24 2 955,73 16 763,51 2 829 767,33
21 07.06.2022
19 719,24 2 415,02 17 304,22 2 827 352,31
22 07.07.2022
19 719,24 2 987,51 16 731,73 2 824 364,80
23 07.08.2022
19 719,24 2 448,06 17 271,18 2 821 916,74
24 07.09.2022
19 719,24 2 463,03 17 256,21 2 819 453,71
25 07.10.2022
19 719,24 3 034,25 16 684,99 2 816 419,46
26 07.11.2022
19 719,24 2 496,64 17 222,60 2 813 922,82
27 07.12.2022
19 719,24 3 066,98 16 652,26 2 810 855,84
28 07.01.2023
19 719,24 2 530,66 17 188,58 2 808 325,18
29 07.02.2023
19 719,24 2 546,14 17 173,10 2 805 779,04
30 07.03.2023
19 719,24 4 222,12 15 497,12 2 801 556,92
31 07.04.2023
19 719,24 2 587,53 17 131,71 2 798 969,39
32 07.05.2023
19 719,24 3 155,48 16 563,76 2 795 813,91
33 07.06.2023
19 719,24 2 622,65 17 096,59 2 793 191,26
34 07.07.2023
19 719,24 3 189,67 16 529,57 2 790 001,59
35 07.08.2023
19 719,24 2 658,19 17 061,05 2 787 343,40
36 07.09.2023
19 719,24 2 674,44 17 044,80 2 784 668,96
37 07.10.2023
19 719,24 3 240,10 16 479,14 2 781 428,86
38 07.11.2023
19 719,24 2 710,61 17 008,63 2 778 718,25
39 07.12.2023
19 719,24 3 275,32 16 443,92 2 775 442,93
40 07.01.2024
19 719,24 2 757,69 16 961,55 2 772 685,24
41 07.02.2024
19 719,24 2 810,41 16 908,83 2 769 874,83
42 07.03.2024
19 719,24 3 917,33 15 801,91 2 765 957,50
43 07.04.2024
19 719,24 2 851,43 16 867,81 2 763 106,07
44 07.05.2024
19 719,24 3 412,38 16 306,86 2 759 693,69
45 07.06.2024
19 719,24 2 889,63 16 829,61 2 756 804,06
46 07.07.2024
19 719,24 3 449,58 16 269,66 2 753 354,48
47 07.08.2024
19 719,24 2 928,29 16 790,95 2 750 426,19
48 07.09.2024
19 719,24 2 946,15 16 773,09 2 747 480,04
49 07.10.2024
19 719,24 3 504,60 16 214,64 2 743 975,44
50 07.11.2024
19 719,24 2 985,49 16 733,75 2 740 989,95
51 07.12.2024
19 719,24 3 542,91 16 176,33 2 737 447,04
52 07.01.2025
19 719,24 3 014,97 16 704,27 2 734 432,07
53 07.02.2025
19 719,24 2 998,00 16 721,24 2 731 434,07
54 07.03.2025
19 719,24 4 632,74 15 086,50 2 726 801,33
55 07.04.2025
19 719,24 3 044,66 16 674,58 2 723 756,67
56 07.05.2025
19 719,24 3 600,57 16 118,67 2 720 156,10
57 07.06.2025
19 719,24 3 085,30 16 633,94 2 717 070,80
58 07.07.2025
19 719,24 3 640,14 16 079,10 2 713 430,66
59 07.08.2025
19 719,24 3 126,43 16 592,81 2 710 304,23
60 07.09.2025
19 719,24 3 145,54 16 573,70 2 707 158,69
61 07.10.2025
19 719,24 3 698,79 16 020,45 2 703 459,90
62 07.11.2025
19 719,24 3 187,40 16 531,84 2 700 272,50
63 07.12.2025
19 719,24 3 739,55 15 979,69 2 696 532,95
64 07.01.2026
19 719,24 3 229,76 16 489,48 2 693 303,19
65 07.02.2026
19 719,24 3 249,51 16 469,73 2 690 053,68
66 07.03.2026
19 719,24 4 861,30 14 857,94 2 685 192,38
67 07.04.2026
19 719,24 3 299,10 16 420,14 2 681 893,28
68 07.05.2026
19 719,24 3 848,31 15 870,93 2 678 044,97
69 07.06.2026
19 719,24 3 342,81 16 376,43 2 674 702,16
70 07.07.2026
19 719,24 3 890,87 15 828,37 2 670 811,29
71 07.08.2026
19 719,24 3 387,05 16 332,19 2 667 424,24
72 07.09.2026
19 719,24 3 407,76 16 311,48 2 664 016,48
73 07.10.2026
19 719,24 3 954,10 15 765,14 2 660 062,38
74 07.11.2026
19 719,24 3 452,78 16 266,46 2 656 609,60
75 07.12.2026
19 719,24 3 997,93 15 721,31 2 652 611,67
76 07.01.2027
19 719,24 3 498,34 16 220,90 2 649 113,33
77 07.02.2027
19 719,24 3 519,73 16 199,51 2 645 593,60
78 07.03.2027
19 719,24 5 106,87 14 612,37 2 640 486,73
79 07.04.2027
19 719,24 3 572,48 16 146,76 2 636 914,25
80 07.05.2027
19 719,24 4 114,49 15 604,75 2 632 799,76
81 07.06.2027
19 719,24 3 619,49 16 099,75 2 629 180,27
82 07.07.2027
19 719,24 4 160,26 15 558,98 2 625 020,01
83 07.08.2027
19 719,24 3 667,06 16 052,18 2 621 352,95
84 07.09.2027
19 719,24 3 689,49 16 029,75 2 617 663,46
85 07.10.2027
19 719,24 4 228,41 15 490,83 2 613 435,05
86 07.11.2027
19 719,24 3 737,91 15 981,33 2 609 697,14
87 07.12.2027
19 719,24 4 275,55 15 443,69 2 605 421,59
88 07.01.2028
19 719,24 3 796,74 15 922,50 2 601 624,85
89 07.02.2028
19 719,24 3 853,59 15 865,65 2 597 771,26
90 07.03.2028
19 719,24 4 899,17 14 820,07 2 592 872,09
91 07.04.2028
19 719,24 3 906,97 15 812,27 2 588 965,12
92 07.05.2028
19 719,24 4 440,10 15 279,14 2 584 525,02
93 07.06.2028
19 719,24 3 957,87 15 761,37 2 580 567,15
94 07.07.2028
19 719,24 4 489,66 15 229,58 2 576 077,49
95 07.08.2028
19 719,24 4 009,39 15 709,85 2 572 068,10
96 07.09.2028
19 719,24 4 033,84 15 685,40 2 568 034,26
97 07.10.2028
19 719,24 4 563,63 15 155,61 2 563 470,63
98 07.11.2028
19 719,24 4 086,27 15 632,97 2 559 384,36
99 07.12.2028
19 719,24 4 614,68 15 104,56 2 554 769,68
100 07.01.2029
19 719,24 4 129,69 15 589,55 2 550 639,99
101 07.02.2029
19 719,24 4 121,90 15 597,34 2 546 518,09
102 07.03.2029
19 719,24 5 654,09 14 065,15 2 540 864,00
103 07.04.2029
19 719,24 4 181,68 15 537,56 2 536 682,32
104 07.05.2029
19 719,24 4 707,64 15 011,60 2 531 974,68
105 07.06.2029
19 719,24 4 236,04 15 483,20 2 527 738,64
106 07.07.2029
19 719,24 4 760,57 14 958,67 2 522 978,07
107 07.08.2029
19 719,24 4 291,06 15 428,18 2 518 687,01
108 07.09.2029
19 719,24 4 317,30 15 401,94 2 514 369,71
109 07.10.2029
19 719,24 4 839,68 14 879,56 2 509 530,03
110 07.11.2029
19 719,24 4 373,29 15 345,95 2 505 156,74
111 07.12.2029
19 719,24 4 894,20 14 825,04 2 500 262,54
112 07.01.2030
19 719,24 4 429,96 15 289,28 2 495 832,58
113 07.02.2030
19 719,24 4 457,05 15 262,19 2 491 375,53
114 07.03.2030
19 719,24 5 958,66 13 760,58 2 485 416,87
115 07.04.2030
19 719,24 4 520,75 15 198,49 2 480 896,12
116 07.05.2030
19 719,24 5 037,77 14 681,47 2 475 858,35
117 07.06.2030
19 719,24 4 579,20 15 140,04 2 471 279,15
118 07.07.2030
19 719,24 5 094,68 14 624,56 2 466 184,47
119 07.08.2030
19 719,24 4 638,35 15 080,89 2 461 546,12
120 07.09.2030
19 719,24 4 666,72 15 052,52 2 456 879,40
121 07.10.2030
19 719,24 5 179,90 14 539,34 2 451 699,50
122 07.11.2030
19 719,24 4 726,93 14 992,31 2 446 972,57
123 07.12.2030
19 719,24 5 238,53 14 480,71 2 441 734,04
124 07.01.2031
19 719,24 4 787,87 14 931,37 2 436 946,17
125 07.02.2031
19 719,24 4 817,15 14 902,09 2 432 129,02
126 07.03.2031
19 719,24 6 285,89 13 433,35 2 425 843,13
127 07.04.2031
19 719,24 4 885,04 14 834,20 2 420 958,09
128 07.05.2031
19 719,24 5 392,47 14 326,77 2 415 565,62
129 07.06.2031
19 719,24 4 947,89 14 771,35 2 410 617,73
130 07.07.2031
19 719,24 5 453,67 14 265,57 2 405 164,06
131 07.08.2031
19 719,24 5 011,50 14 707,74 2 400 152,56
132 07.09.2031
19 719,24 5 042,14 14 677,10 2 395 110,42
133 07.10.2031
19 719,24 5 545,44 14 173,80 2 389 564,98
134 07.11.2031
19 719,24 5 106,89 14 612,35 2 384 458,09
135 07.12.2031
19 719,24 5 608,47 14 110,77 2 378 849,62
136 07.01.2032
19 719,24 5 181,39 14 537,85 2 373 668,23
137 07.02.2032
19 719,24 5 243,76 14 475,48 2 368 424,47
138 07.03.2032
19 719,24 6 207,57 13 511,67 2 362 216,90
139 07.04.2032
19 719,24 5 313,59 14 405,65 2 356 903,31
140 07.05.2032
19 719,24 5 809,65 13 909,59 2 351 093,66
141 07.06.2032
19 719,24 5 381,42 14 337,82 2 345 712,24
142 07.07.2032
19 719,24 5 875,69 13 843,55 2 339 836,55
143 07.08.2032
19 719,24 5 450,07 14 269,17 2 334 386,48
144 07.09.2032
19 719,24 5 483,31 14 235,93 2 328 903,17
145 07.10.2032
19 719,24 5 974,89 13 744,35 2 322 928,28
146 07.11.2032
19 719,24 5 553,19 14 166,05 2 317 375,09
147 07.12.2032
19 719,24 6 042,93 13 676,31 2 311 332,16
148 07.01.2033
19 719,24 5 615,18 14 104,06 2 305 716,98
149 07.02.2033
19 719,24 5 619,62 14 099,62 2 300 097,36
150 07.03.2033
19 719,24 7 015,14 12 704,10 2 293 082,22
151 07.04.2033
19 719,24 5 696,89 14 022,35 2 287 385,33
152 07.05.2033
19 719,24 6 182,93 13 536,31 2 281 202,40
153 07.06.2033
19 719,24 5 769,53 13 949,71 2 275 432,87
154 07.07.2033
19 719,24 6 253,66 13 465,58 2 269 179,21
155 07.08.2033
19 719,24 5 843,05 13 876,19 2 263 336,16
156 07.09.2033
19 719,24 5 878,78 13 840,46 2 257 457,38
157 07.10.2033
19 719,24 6 360,04 13 359,20 2 251 097,34
158 07.11.2033
19 719,24 5 953,63 13 765,61 2 245 143,71
159 07.12.2033
19 719,24 6 432,91 13 286,33 2 238 710,80
160 07.01.2034
19 719,24 6 029,37 13 689,87 2 232 681,43
161 07.02.2034
19 719,24 6 066,24 13 653,00 2 226 615,19
162 07.03.2034
19 719,24 7 421,00 12 298,24 2 219 194,19
163 07.04.2034
19 719,24 6 148,72 13 570,52 2 213 045,47
164 07.05.2034
19 719,24 6 622,86 13 096,38 2 206 422,61
165 07.06.2034
19 719,24 6 226,81 13 492,43 2 200 195,80
166 07.07.2034
19 719,24 6 698,90 13 020,34 2 193 496,90
167 07.08.2034
19 719,24 6 305,86 13 413,38 2 187 191,04
168 07.09.2034
19 719,24 6 344,42 13 374,82 2 180 846,62
169 07.10.2034
19 719,24 6 813,41 12 905,83 2 174 033,21
170 07.11.2034
19 719,24 6 424,88 13 294,36 2 167 608,33
171 07.12.2034
19 719,24 6 891,75 12 827,49 2 160 716,58
172 07.01.2035
19 719,24 6 506,31 13 212,93 2 154 210,27
173 07.02.2035
19 719,24 6 546,10 13 173,14 2 147 664,17
174 07.03.2035
19 719,24 7 857,07 11 862,17 2 139 807,10
175 07.04.2035
19 719,24 6 634,17 13 085,07 2 133 172,93
176 07.05.2035
19 719,24 7 095,53 12 623,71 2 126 077,40
177 07.06.2035
19 719,24 6 718,13 13 001,11 2 119 359,27
178 07.07.2035
19 719,24 7 177,28 12 541,96 2 112 181,99
179 07.08.2035
19 719,24 6 803,10 12 916,14 2 105 378,89
180 07.09.2035
19 719,24 6 844,70 12 874,54 2 098 534,19
181 07.10.2035
19 719,24 7 300,52 12 418,72 2 091 233,67
182 07.11.2035
19 719,24 6 931,20 12 788,04 2 084 302,47
183 07.12.2035
19 719,24 7 384,74 12 334,50 2 076 917,73
184 07.01.2036
19 719,24 7 026,58 12 692,66 2 069 891,15
185 07.02.2036
19 719,24 7 096,30 12 622,94 2 062 794,85
186 07.03.2036
19 719,24 7 951,16 11 768,08 2 054 843,69
187 07.04.2036
19 719,24 7 188,06 12 531,18 2 047 655,63
188 07.05.2036
19 719,24 7 634,71 12 084,53 2 040 020,92
189 07.06.2036
19 719,24 7 278,46 12 440,78 2 032 742,46
190 07.07.2036
19 719,24 7 722,73 11 996,51 2 025 019,73
191 07.08.2036
19 719,24 7 369,94 12 349,30 2 017 649,79
192 07.09.2036
19 719,24 7 414,88 12 304,36 2 010 234,91
193 07.10.2036
19 719,24 7 855,56 11 863,68 2 002 379,35
194 07.11.2036
19 719,24 7 508,01 12 211,23 1 994 871,34
195 07.12.2036
19 719,24 7 946,23 11 773,01 1 986 925,11
196 07.01.2037
19 719,24 7 594,76 12 124,48 1 979 330,35
197 07.02.2037
19 719,24 7 615,50 12 103,74 1 971 714,85
198 07.03.2037
19 719,24 8 828,89 10 890,35 1 962 885,96
199 07.04.2037
19 719,24 7 716,06 12 003,18 1 955 169,90
200 07.05.2037
19 719,24 8 148,92 11 570,32 1 947 020,98
201 07.06.2037
19 719,24 7 813,07 11 906,17 1 939 207,91
202 07.07.2037
19 719,24 8 243,38 11 475,86 1 930 964,53
203 07.08.2037
19 719,24 7 911,26 11 807,98 1 923 053,27
204 07.09.2037
19 719,24 7 959,64 11 759,60 1 915 093,63
205 07.10.2037
19 719,24 8 386,08 11 333,16 1 906 707,55
206 07.11.2037
19 719,24 8 059,59 11 659,65 1 898 647,96
207 07.12.2037
19 719,24 8 483,41 11 235,83 1 890 164,55
208 07.01.2038
19 719,24 8 160,75 11 558,49 1 882 003,80
209 07.02.2038
19 719,24 8 210,66 11 508,58 1 873 793,14
210 07.03.2038
19 719,24 9 369,74 10 349,50 1 864 423,40
211 07.04.2038
19 719,24 8 318,16 11 401,08 1 856 105,24
212 07.05.2038
19 719,24 8 735,17 10 984,07 1 847 370,07
213 07.06.2038
19 719,24 8 422,45 11 296,79 1 838 947,62
214 07.07.2038
19 719,24 8 836,70 10 882,54 1 830 110,92
215 07.08.2038
19 719,24 8 527,99 11 191,25 1 821 582,93
216 07.09.2038
19 719,24 8 580,14 11 139,10 1 813 002,79
217 07.10.2038
19 719,24 8 990,24 10 729,00 1 804 012,55
218 07.11.2038
19 719,24 8 687,58 11 031,66 1 795 324,97
219 07.12.2038
19 719,24 9 094,85 10 624,39 1 786 230,12
220 07.01.2039
19 719,24 8 796,32 10 922,92 1 777 433,80
221 07.02.2039
19 719,24 8 850,11 10 869,13 1 768 583,69
222 07.03.2039
19 719,24 9 950,84 9 768,40 1 758 632,85
223 07.04.2039
19 719,24 8 965,08 10 754,16 1 749 667,77
224 07.05.2039
19 719,24 9 365,04 10 354,20 1 740 302,73
225 07.06.2039
19 719,24 9 077,17 10 642,07 1 731 225,56
226 07.07.2039
19 719,24 9 474,18 10 245,06 1 721 751,38
227 07.08.2039
19 719,24 9 190,61 10 528,63 1 712 560,77
228 07.09.2039
19 719,24 9 246,81 10 472,43 1 703 313,96
229 07.10.2039
19 719,24 9 639,35 10 079,89 1 693 674,61
230 07.11.2039
19 719,24 9 362,30 10 356,94 1 684 312,31
231 07.12.2039
19 719,24 9 751,80 9 967,44 1 674 560,51
232 07.01.2040
19 719,24 9 485,51 10 233,73 1 665 075,00
233 07.02.2040
19 719,24 9 565,01 10 154,23 1 655 509,99
234 07.03.2040
19 719,24 10 274,69 9 444,55 1 645 235,30
235 07.04.2040
19 719,24 9 686,00 10 033,24 1 635 549,30
236 07.05.2040
19 719,24 10 066,82 9 652,42 1 625 482,48
237 07.06.2040
19 719,24 9 806,46 9 912,78 1 615 676,02
238 07.07.2040
19 719,24 10 184,10 9 535,14 1 605 491,92
239 07.08.2040
19 719,24 9 928,37 9 790,87 1 595 563,55
240 07.09.2040
19 719,24 9 988,92 9 730,32 1 585 574,63
241 07.10.2040
19 719,24 10 361,75 9 357,49 1 575 212,88
242 07.11.2040
19 719,24 10 113,02 9 606,22 1 565 099,86
243 07.12.2040
19 719,24 10 482,59 9 236,65 1 554 617,27
244 07.01.2041
19 719,24 10 232,76 9 486,48 1 544 384,51
245 07.02.2041
19 719,24 10 275,22 9 444,02 1 534 109,29
246 07.03.2041
19 719,24 11 245,91 8 473,33 1 522 863,38
247 07.04.2041
19 719,24 10 406,83 9 312,41 1 512 456,55
248 07.05.2041
19 719,24 10 768,81 8 950,43 1 501 687,74
249 07.06.2041
19 719,24 10 536,32 9 182,92 1 491 151,42
250 07.07.2041
19 719,24 10 894,89 8 824,35 1 480 256,53
251 07.08.2041
19 719,24 10 667,37 9 051,87 1 469 589,16
252 07.09.2041
19 719,24 10 732,60 8 986,64 1 458 856,56
253 07.10.2041
19 719,24 11 086,01 8 633,23 1 447 770,55
254 07.11.2041
19 719,24 10 866,02 8 853,22 1 436 904,53
255 07.12.2041
19 719,24 11 215,91 8 503,33 1 425 688,62
256 07.01.2042
19 719,24 11 001,06 8 718,18 1 414 687,56
257 07.02.2042
19 719,24 11 068,33 8 650,91 1 403 619,23
258 07.03.2042
19 719,24 11 966,65 7 752,59 1 391 652,58
259 07.04.2042
19 719,24 11 209,19 8 510,05 1 380 443,39
260 07.05.2042
19 719,24 11 550,04 8 169,20 1 368 893,35
261 07.06.2042
19 719,24 11 348,36 8 370,88 1 357 544,99
262 07.07.2042
19 719,24 11 685,55 8 033,69 1 345 859,44
263 07.08.2042
19 719,24 11 489,22 8 230,02 1 334 370,22
264 07.09.2042
19 719,24 11 559,47 8 159,77 1 322 810,75
265 07.10.2042
19 719,24 11 891,10 7 828,14 1 310 919,65
266 07.11.2042
19 719,24 11 702,88 8 016,36 1 299 216,77
267 07.12.2042
19 719,24 12 030,72 7 688,52 1 287 186,05
268 07.01.2043
19 719,24 11 848,01 7 871,23 1 275 338,04
269 07.02.2043
19 719,24 11 920,46 7 798,78 1 263 417,58
270 07.03.2043
19 719,24 12 741,02 6 978,22 1 250 676,56
271 07.04.2043
19 719,24 12 071,27 7 647,97 1 238 605,29
272 07.05.2043
19 719,24 12 389,41 7 329,83 1 226 215,88
273 07.06.2043
19 719,24 12 220,85 7 498,39 1 213 995,03
274 07.07.2043
19 719,24 12 535,05 7 184,19 1 201 459,98
275 07.08.2043
19 719,24 12 372,23 7 347,01 1 189 087,75
276 07.09.2043
19 719,24 12 447,89 7 271,35 1 176 639,86
277 07.10.2043
19 719,24 12 756,11 6 963,13 1 163 883,75
278 07.11.2043
19 719,24 12 602,01 7 117,23 1 151 281,74
279 07.12.2043
19 719,24 12 906,18 6 813,06 1 138 375,56
280 07.01.2044
19 719,24 12 762,29 6 956,95 1 125 613,27
281 07.02.2044
19 719,24 12 854,84 6 864,40 1 112 758,43
282 07.03.2044
19 719,24 13 371,04 6 348,20 1 099 387,39
283 07.04.2044
19 719,24 13 014,78 6 704,46 1 086 372,61
284 07.05.2044
19 719,24 13 307,86 6 411,38 1 073 064,75
285 07.06.2044
19 719,24 13 175,30 6 543,94 1 059 889,45
286 07.07.2044
19 719,24 13 464,15 6 255,09 1 046 425,30
287 07.08.2044
19 719,24 13 337,76 6 381,48 1 033 087,54
288 07.09.2044
19 719,24 13 419,10 6 300,14 1 019 668,44
289 07.10.2044
19 719,24 13 701,52 6 017,72 1 005 966,92
290 07.11.2044
19 719,24 13 584,49 6 134,75 992 382,43
291 07.12.2044
19 719,24 13 862,56 5 856,68 978 519,87
292 07.01.2045
19 719,24 13 748,18 5 971,06 964 771,69
293 07.02.2045
19 719,24 13 819,60 5 899,64 950 952,09
294 07.03.2045
19 719,24 14 466,86 5 252,38 936 485,23
295 07.04.2045
19 719,24 13 992,57 5 726,67 922 492,66
296 07.05.2045
19 719,24 14 260,11 5 459,13 908 232,55
297 07.06.2045
19 719,24 14 165,34 5 553,90 894 067,21
298 07.07.2045
19 719,24 14 428,32 5 290,92 879 638,89
299 07.08.2045
19 719,24 14 340,19 5 379,05 865 298,70
300 07.09.2045
19 719,24 14 427,88 5 291,36 850 870,82
301 07.10.2045
19 719,24 14 683,95 5 035,29 836 186,87
302 07.11.2045
19 719,24 14 605,90 5 113,34 821 580,97
303 07.12.2045
19 719,24 14 857,28 4 861,96 806 723,69
304 07.01.2046
19 719,24 14 786,07 4 933,17 791 937,62
305 07.02.2046
19 719,24 14 876,49 4 842,75 777 061,13
306 07.03.2046
19 719,24 15 427,31 4 291,93 761 633,82
307 07.04.2046
19 719,24 15 061,80 4 657,44 746 572,02
308 07.05.2046
19 719,24 15 301,17 4 418,07 731 270,85
309 07.06.2046
19 719,24 15 247,47 4 471,77 716 023,38
310 07.07.2046
19 719,24 15 481,95 4 237,29 700 541,43
311 07.08.2046
19 719,24 15 435,38 4 283,86 685 106,05
312 07.09.2046
19 719,24 15 529,77 4 189,47 669 576,28
313 07.10.2046
19 719,24 15 756,82 3 962,42 653 819,46
314 07.11.2046
19 719,24 15 721,09 3 998,15 638 098,37
315 07.12.2046
19 719,24 15 943,10 3 776,14 622 155,27
316 07.01.2047
19 719,24 15 914,72 3 804,52 606 240,55
317 07.02.2047
19 719,24 16 012,04 3 707,20 590 228,51
318 07.03.2047
19 719,24 16 459,24 3 260,00 573 769,27
319 07.04.2047
19 719,24 16 210,60 3 508,64 557 558,67
320 07.05.2047
19 719,24 16 419,71 3 299,53 541 138,96
321 07.06.2047
19 719,24 16 410,14 3 309,10 524 728,82
322 07.07.2047
19 719,24 16 614,00 3 105,24 508 114,82
323 07.08.2047
19 719,24 16 612,08 3 107,16 491 502,74
324 07.09.2047
19 719,24 16 713,67 3 005,57 474 789,07
325 07.10.2047
19 719,24 16 909,53 2 809,71 457 879,54
326 07.11.2047
19 719,24 16 919,28 2 799,96 440 960,26
327 07.12.2047
19 719,24 17 109,72 2 609,52 423 850,54
328 07.01.2048
19 719,24 17 128,96 2 590,28 406 721,58
329 07.02.2048
19 719,24 17 238,91 2 480,33 389 482,67
330 07.03.2048
19 719,24 17 497,27 2 221,97 371 985,40
331 07.04.2048
19 719,24 17 450,74 2 268,50 354 534,66
332 07.05.2048
19 719,24 17 626,90 2 092,34 336 907,76
333 07.06.2048
19 719,24 17 664,65 2 054,59 319 243,11
334 07.07.2048
19 719,24 17 835,18 1 884,06 301 407,93
335 07.08.2048
19 719,24 17 881,15 1 838,09 283 526,78
336 07.09.2048
19 719,24 17 990,19 1 729,05 265 536,59
337 07.10.2048
19 719,24 18 152,14 1 567,10 247 384,45
338 07.11.2048
19 719,24 18 210,60 1 508,64 229 173,85
339 07.12.2048
19 719,24 18 366,74 1 352,50 210 807,11
340 07.01.2049
19 719,24 18 432,87 1 286,37 192 374,24
341 07.02.2049
19 719,24 18 542,86 1 176,38 173 831,38
342 07.03.2049
19 719,24 18 759,12 960,12 155 072,26
343 07.04.2049
19 719,24 18 770,96 948,28 136 301,30
344 07.05.2049
19 719,24 18 912,64 806,60 117 388,66
345 07.06.2049
19 719,24 19 001,40 717,84 98 387,26
346 07.07.2049
19 719,24 19 137,00 582,24 79 250,26
347 07.08.2049
19 719,24 19 234,62 484,62 60 015,64
348 07.09.2049
19 719,24 19 352,24 367,00 40 663,40
349 07.10.2049
19 719,24 19 478,60 240,64 21 184,80
350 07.11.2049
19 719,24 19 589,69 129,55 1 595,11
351 07.12.2049
1 604,55 1 595,11 9,44 0,00
7 737 486,39
(Выплачено всего)
3 700 000,00
(Сумма выплаченного долга)
4 037 486,39
(Сумма выплаченных процентов)
Наверх