№ Дата Сумма платежа Платеж по основному долгу Платеж по процентам Остаток долга
1 07.10.2020
25 115,16 3 279,09 21 836,07 3 696 720,91
12.10.2020
500 000,00 i 496 363,88 3 636,12 3 200 357,03
2 07.11.2020
21 740,78 5 371,74 16 369,04 3 194 985,29
07.11.2020
10 000,00 i 10 000,00 0,00 3 184 985,29
3 07.12.2020
21 740,78 2 944,15 18 796,63 3 182 041,14
07.12.2020
6 500,00 i 6 500,00 0,00 3 175 541,14
4 07.01.2021
21 740,78 2 363,20 19 377,58 3 173 177,94
... Нажмите, чтобы показать все строки
345 07.06.2049
19 719,24 19 001,40 717,84 98 387,26
346 07.07.2049
19 719,24 19 137,00 582,24 79 250,26
347 07.08.2049
19 719,24 19 234,62 484,62 60 015,64
348 07.09.2049
19 719,24 19 352,24 367,00 40 663,40
349 07.10.2049
19 719,24 19 478,60 240,64 21 184,80
350 07.11.2049
19 719,24 19 589,69 129,55 1 595,11
351 07.12.2049
1 604,55 1 595,11 9,44 0,00
7 737 486,39
(Выплачено всего)
3 700 000,00
(Сумма выплаченного долга)
4 037 486,39
(Сумма выплаченных процентов)