№ Дата Сумма платежа Платеж по основному долгу Платеж по процентам Остаток долга
1 07.10.2020
25 115,16 3 279,09 21 836,07 3 696 720,91
12.10.2020
500 000,00 i 496 363,88 3 636,12 3 200 357,03
2 07.11.2020
21 740,78 5 371,74 16 369,04 3 194 985,29
3 07.12.2020
21 740,78 2 885,13 18 855,65 3 192 100,16
4 07.01.2021
21 740,78 2 262,16 19 478,62 3 189 838,00
07.01.2021
60 000,00 i 60 000,00 0,00 3 129 838,00
5 07.02.2021
21 740,78 2 601,61 19 139,17 3 127 236,39
... Нажмите, чтобы показать все строки
332 07.05.2048
21 740,78 20 976,99 763,79 108 442,80
333 07.06.2048
21 740,78 21 079,46 661,32 87 363,34
334 07.07.2048
21 740,78 21 225,19 515,59 66 138,15
335 07.08.2048
21 740,78 21 337,45 403,33 44 800,70
336 07.09.2048
21 740,78 21 467,57 273,21 23 333,13
337 07.10.2048
21 740,78 21 603,08 137,70 1 730,05
338 07.11.2048
1 740,60 1 730,05 10,55 0,00
7 891 757,84
(Выплачено всего)
3 700 000,00
(Сумма выплаченного долга)
4 191 757,84
(Сумма выплаченных процентов)